18
10
25
2
55
80
63
27
95
65
71
39
31
31
91
1
20
74
83
1
99
26
35
93
88
5
87
15
42
59
44
58
53
24
52
21
52
73
8
80
52
80
36
9
20
7
91
93
9
71
99
38
46
9
55
34
47
56
57
42
35
39
7
71
60
26
54
81
81
66
40
54
47
26
21
85
94
14
3
79
19
32
65
13
72
61
59
63
95
97
47
82
72
24
49
15
28
20
18
84
42
96
36
50
9
90
69
90
70
60
29
80
14
27
28
53
97
8
28
81
39
37
65
86
33
6
36
27
60
58
84
93
12
69
42
58
17
72
21
10
39
28
55
37
53
11
67
65
51
3
92
33
73
6
71
62
79
45
47
19
90
23
19
36
29
83
54
35
21
36
80
75
73
74
90
67
83
40
46
47
63
47
