18
10
75
96
93
21
8
68
93
55
75
82
86
32
60
92
71
41
22
59
45
91
78
21
8
6
85
27
85
14
20
56
73
38
45
57
51
46
81
95
63
13
13
99
51
4
63
82
41
47
10
44
15
1
59
88
72
25
79
12
71
20
60
33
83
12
78
94
89
28
48
42
81
35
69
15
50
55
17
47
28
16
90
88
21
40
60
23
70
11
69
56
70
61
98
27
21
67
9
77
18
57
32
69
61
63
92
59
10
80
13
37
93
29
35
95
20
57
41
15
7
71
53
27
35
94
62
77
52
77
73
63
16
98
3
66
9
68
81
22
48
64
56
7
78
86
50
77
28
87
32
73
77
58
16
60
94
83
16
2
18
37
62
20
62
48
59
13
34
83
91
46
87
55
91
22
61
11
66
85
87
61
