18
10
12
86
41
59
16
68
72
37
82
33
30
24
22
39
70
15
67
80
40
48
53
86
42
78
88
64
54
87
47
8
69
70
3
50
58
91
88
76
17
63
92
65
4
35
4
5
58
3
69
13
40
39
50
33
99
62
83
40
74
60
32
51
13
48
63
84
41
9
41
82
17
88
60
12
22
46
20
14
20
23
11
43
18
77
88
16
13
73
22
44
52
63
63
91
30
79
27
41
73
1
27
68
45
58
76
43
36
24
7
87
72
66
79
10
76
36
50
66
52
4
59
56
38
66
61
61
25
1
4
22
13
71
58
82
13
86
64
97
66
43
32
5
24
3
86
77
51
84
34
17
51
61
85
87
98
70
18
79
89
98
9
80
79
83
45
20
56
43
41
84
70
89
46
25
45
37
55
57
84
1
