18
10
8
99
51
89
40
19
75
19
67
54
73
40
53
25
53
3
93
64
5
88
15
61
12
73
33
12
49
7
48
43
14
44
82
97
84
59
84
28
43
28
4
92
15
54
48
61
14
30
96
32
20
68
21
13
53
46
14
78
29
46
54
59
45
85
43
39
23
31
70
57
91
38
78
79
10
59
37
38
19
74
29
98
70
31
61
48
64
40
13
21
97
2
19
19
13
78
68
8
49
91
11
12
9
94
64
25
72
40
59
19
37
86
50
8
73
14
15
75
70
69
62
37
44
38
64
10
32
26
64
37
87
88
72
54
61
50
32
48
84
58
79
16
6
88
81
33
9
10
1
1
95
81
9
9
95
11
91
76
4
56
68
51
12
78
55
41
91
82
15
77
22
1
61
66
10
44
21
47
49
56
