18
10
14
26
96
98
57
89
28
39
75
58
18
82
87
86
25
35
41
1
60
4
62
98
95
69
61
57
82
50
76
30
73
83
46
1
41
8
22
56
35
90
21
72
1
97
33
14
70
95
64
25
56
20
56
75
83
69
81
73
69
62
83
23
10
47
39
41
14
76
69
67
67
11
24
59
10
84
87
69
56
7
37
69
51
18
65
13
26
87
4
36
20
77
17
72
33
28
65
10
67
97
86
17
53
34
10
67
68
13
92
2
84
75
57
21
57
20
67
43
72
78
86
6
39
41
23
44
44
28
48
67
11
29
91
98
2
33
9
53
87
47
37
26
41
98
80
71
46
66
36
98
80
30
71
25
92
10
82
57
68
33
83
69
37
31
84
92
62
74
51
42
91
65
32
31
2
13
55
10
22
25
